Penari,Usia,Tinggi,Berat_Badan,Lemak_Tubuh,Panjang_kaki,BMI,Pengalaman,pemanasan,pendinginan,Akumulasi
A,21,157,50.11,25.29,90.71,19.9,188,15.5,0.2,1
B,35,151,61.36,21.72,86.81,15.9,51,4.7,0,1
C,30,163,53.44,19.54,89.82,17.5,252,10.7,0,0
D,25,169,52.86,28.65,91.56,17.8,20,15.1,3.7,0
E,31,164,54.96,29.95,86.83,22.5,20,12.1,0.1,1
F,32,164,55.06,26.39,93.45,19.8,144,14.7,3.6,0
G,25,165,51.09,18.8,86.95,18.3,54,15.6,0,0
H,35,158,51,19.29,87.71,16.5,57,12.7,0,0
I,21,169,47.39,32.54,93.18,18.8,165,8.5,0.5,1
J,30,157,71.15,35.5,95.9,18.1,58,12.8,4.5,0
K,34,154,63.12,25.91,86.87,18.7,111,14.5,4.6,0
L,23,158,67.27,28.54,90.51,20.9,31,17.8,0,1
M,29,163,50.09,30.44,93.02,23,278,20.3,8.1,0
N,29,167,46.58,14.46,94.02,16.8,95,9.7,0.4,2
O,28,165,49.27,26.34,90.56,18.7,67,30,0.8,0
P,33,167,58.04,28.02,93.14,16.9,221,13.2,0.5,0
Q,24,159,58.56,24.51,84.9,19.9,35,13.5,4.2,0
R,33,164,55.61,29,85.9,20.1,52,19.3,0.2,0
S,35,166,65.84,19,90.05,24.6,62,12.7,0,0
T,27,155,42.79,38.62,86.76,19.2,27,13.7,4.5,1
U,27,163,54.26,34.82,91.06,18.8,18,17.8,2.9,0
V,35,166,51.28,25.53,82.97,19.9,66,17.1,4.8,0
W,31,165,56.9,15.71,90.33,22.5,133,19.5,3.9,0
X,24,165,54.72,24.6,84.75,19.4,10,18.6,0.3,0
Y,35,160,45.07,27.41,93.68,21,99,7.6,4.9,0
Z,32,161,55.16,22.59,89.06,17.6,113,17.2,6.9,0
AA,35,161,52.72,24.84,91.51,21.9,139,17.9,5.9,0
AB,33,160,50.28,33.9,87,15.8,63,30,0,2
AC,34,159,58.71,22.86,83.19,19.1,202,30,0.1,2
AD,24,158,53.09,21.59,91.37,18.6,18,11.3,6.8,0
AE,33,160,54.63,14.27,86.21,15.8,48,11.7,2.6,0
AF,20,161,45.16,23.68,94.36,22.3,37,19.6,10.3,2
AG,32,165,67.14,27.57,94.78,22.4,214,27.4,0.3,0
AH,28,155,71.15,30.77,92.31,16.8,93,14.9,4.4,0
AI,33,163,64.32,24.99,94.27,19.6,32,19.2,4.6,2
AJ,29,169,54,32.03,84.82,19.3,121,19.4,3.2,1
AK,23,164,71.15,20.17,91.9,16.9,82,7.6,0,0
AL,27,153,68.32,22.3,89.13,16.7,262,11.1,4.5,0
AM,30,157,47.26,25.85,86.56,20.6,24,16.4,3.9,0
AN,25,165,55,30.56,94.24,24.1,45,16,3.7,1
AO,28,163,53.3,23.59,93.83,18.5,68,11.7,0.8,2
AP,29,157,47.37,30.62,84.59,15.9,51,16.7,7.5,1
AQ,27,167,62.22,25.54,95.34,22.2,23,4.9,0.7,0
AR,32,169,62.76,25.55,94.73,20.3,72,10,4.9,0
AS,30,166,55.25,36.58,85.65,15.8,200,15,2.9,0
AT,27,156,41.15,26.8,86.18,18.7,28,9.9,0,0
AU,31,160,55.9,20.41,85.34,16.3,26,30,6,2
AV,35,169,53.23,16.88,92.12,15.8,44,15.4,0.6,1
AW,32,158,50.35,20.58,87.6,18.3,75,15.7,5,2
AX,22,162,71.15,24.23,92.67,17.6,181,18.9,9.8,0
AY,30,165,51.39,20.13,87.52,15.8,154,12.5,5.8,1
AZ,33,158,46.21,23.42,88.35,17.4,44,15.1,0.4,2
BA,24,159,52.6,25.42,86.3,18.5,227,17.7,0,1
BB,30,169,51.72,15.12,89.75,22.1,33,12.2,11.6,0
BC,33,163,42.75,28.6,88.64,19.3,155,16.6,0.6,2
BD,33,151,51.95,36.21,90.29,25,11,18.8,2.4,0
BE,31,162,71.15,25.99,87.59,23,37,8.8,11.1,0
BF,33,154,69.64,20.12,92.7,16.9,27,21.1,4,1
BG,26,154,52.11,23.89,86.96,15.8,242,20.2,5.7,1
BH,26,148,47.32,15.7,86.45,16.6,2,16.5,2.3,0
BI,30,158,51.45,28.13,90.64,21,48,7.4,0.8,2
BJ,28,161,49.22,25.18,91.44,16.4,214,5.8,0.2,2
BK,32,162,52.45,23.95,81.4,22.2,43,6.9,11.3,0
BL,23,169,51.5,31.07,94.9,20.3,87,17.4,5.2,0
BM,35,159,45.84,35.2,82.88,18.8,85,12.6,0.3,0
BN,35,162,71.15,30.33,86.35,22.2,247,30,0.1,0
BO,32,164,52.91,26.15,87.34,18.4,151,10.2,6.3,2
BP,24,154,50.6,30.8,91.84,19.9,141,9,0.5,0
BQ,29,158,54.2,25.67,93.03,18,74,15.1,8.6,0
BR,31,167,56.19,29.11,92.35,15.8,22,30,4.7,0
BS,32,155,50.36,18.94,91.35,17.7,188,16.4,6.2,2
BT,35,164,47.99,24.3,90.47,21.4,169,16.8,0.1,0
BU,29,168,43.85,27.46,87.09,19.7,89,9,4.1,0
BV,30,162,51.93,30.19,91.3,23.3,63,15.8,6.2,1
BW,35,169,49.54,16.55,94.13,15.8,220,11.6,0,0
BX,21,158,55.1,30.66,83.89,20.7,53,17.8,0.3,0
BY,33,169,46.07,19.95,90.33,18,57,6.9,0,0
BZ,28,159,56.1,22.88,89.5,20.3,57,12.3,3.6,0
CA,32,165,50.58,25.02,94.58,16.2,31,6.2,4.2,0
CB,28,158,56.07,33.6,95.63,17.3,55,19.2,0,1
CC,33,165,61.1,21.81,93.8,15.8,232,11,5.3,1
CD,29,166,51.25,21.46,94.25,22.3,59,12.5,9.3,2
CE,22,151,48.54,26.39,91.36,16.9,52,12.7,0.6,1
CF,35,164,42.93,22.37,92.68,18.7,232,15,4.9,0
CG,32,159,53.38,31.67,91.49,22.8,141,16.1,11.1,0
CH,25,153,52.99,29.98,92.07,16.5,75,16.2,2.6,0
CI,24,148,43.55,31.33,88.66,18.2,23,7.8,4.4,0
CJ,35,157,52.49,20.56,91.28,17.5,222,21.4,4.7,1
CK,23,162,59.87,25.16,83.73,17.1,39,16.8,0,0
CL,23,159,59.7,33.07,93.87,18,19,30,4.2,1
CM,32,154,52.08,24.73,90.69,21.1,34,18.9,6.1,1
CN,35,161,47.47,28.23,85.96,19.4,269,11.1,0.2,0
CO,25,156,53.2,26.23,94.59,19.5,225,15.8,0.4,1
CP,32,161,53.02,20.98,89.62,18.1,62,15.4,5.8,0
CQ,27,166,45.9,22.46,88.54,17.8,193,11.3,0,0
CR,34,164,46.68,27.56,90.26,16.3,72,18.2,0,2
CS,26,157,62.83,24.43,90.8,16.2,298,14.2,5.1,0
CT,31,158,69.08,33.51,95.13,18.1,186,12.9,0.4,0
EI,31,149,48.27,32.64,87.31,18.4,0,16.1,4.1,0
EJ,29,162,48.73,29.76,85.58,19.8,238,30,0.4,0
EK,17,162,56.59,34.84,92.78,18.9,8,14.6,1.1,0
EL,33,166,52.86,27.13,87.54,15.8,30,13.8,3,1
EM,25,153,57.26,30.89,91.76,16.3,196,30,8.6,0
EN,32,155,45.43,20.76,90.38,20.1,298,13.3,5.2,0
EO,22,162,63.27,19.51,89.45,20.2,73,15.2,0.2,2
EP,35,154,49.28,36.05,83.24,16,76,19.5,0.3,1
EQ,32,160,55.8,28.96,84.82,19.2,67,27.9,0,1
ER,33,156,58.57,23.94,87.42,17.7,76,14.2,5.4,1
ES,34,169,71.15,32.48,95.37,23.6,78,12.1,3.7,2
ET,31,155,41.66,23.53,84.62,17.1,34,15.5,0.4,0
EU,33,161,43.33,23.79,90.07,17.5,44,30,0.2,0
EV,23,167,56.9,24.81,91.52,15.8,21,9.7,0.9,1
EW,34,152,64.66,25.32,86.84,17.9,102,14.4,11.6,0
EX,35,162,51.75,34.73,88.52,16,142,18.5,7.4,0
EY,28,160,54.35,30.87,91.61,22,54,10.3,6.2,0
EZ,33,153,45,34.39,91.03,17.9,42,14.1,5.2,0
FA,29,160,55.27,31.56,91,19.4,157,14.1,0.2,1
FB,28,164,47.8,36.85,94.46,16.4,230,7.4,4.5,1
FC,23,156,55.39,20.86,86.5,16.3,34,6.4,5.4,2
FD,27,154,55.79,19.68,90.78,17.7,142,19.4,0.7,1
FE,28,154,55.07,15.71,94.72,15.8,124,17.4,4.1,2
FF,34,157,66.99,32.74,88.51,16.4,76,12.5,10.8,0
FG,28,163,45.65,33.53,90.97,20.2,98,6.2,5.5,1
FH,33,152,54.25,20.02,87.34,19,55,17,0,0
FI,21,159,43.05,20.33,90.79,15.8,98,8.7,0,0
FJ,26,158,50.46,16.73,88.32,20.7,136,12.9,3.1,0
FK,28,159,70.31,32.4,85.46,23,36,5.6,6.3,0
FL,32,157,71.15,37.97,92.07,20.9,183,18.3,0.7,0
FM,34,169,58.22,35.19,93.76,17.8,46,17.4,0,0
FN,24,154,52.72,27.42,89.81,16.7,174,11.4,4.3,0
FO,30,162,60.1,36,85.2,23.4,144,20,0,1
FP,33,158,46.55,23,88.8,18.6,240,5,0,1
FQ,21,158,49.25,28.6,88,21.3,60,30,10,1
FR,30,153,43.75,24,87,18.6,14,17.5,0,1
FS,23,164,54,23.6,89.9,20,72,5,0,2
FT,31,160,59.65,30.6,93.5,23,0,5,5,2
FU,23,160,49.7,16.4,92,17.6,98,7.5,0,2
FV,17,145,41.4,26.8,85.2,17.6,13,10,5,1
FW,29,169,48.55,26.5,88,19.6,156,10,3,1
FX,21,151,39.5,16,83.3,16.1,120,15,0,2
FY,30,162,50.65,23.1,90.2,19,228,30,0,2
FZ,27,167,54.5,28.1,95.9,21.6,60,15,0,1
GA,24,162,49.55,20.7,93.8,18.6,84,15,0,0
GB,25,160,46.15,21.6,90.9,18,36,15,3,0
GC,31,157,53.9,30,88.2,21.8,0,12.5,7.5,0
GD,29,158,51,28.03,90.08,17.9,72,1,0,0
GE,28,152,45.7,11.6,82.6,15.8,36,15,0,0
GF,24,151,44.65,30.9,85.2,19.6,46,15,3,0
GG,34,156,56.2,32.7,83.8,22.6,12,10,0,1
GH,29,163,63.65,33.1,92.4,23.9,24,10,0,0
GI,32,160,71.15,40.6,92.5,27.7,312,15,7.5,0
GJ,20,156,47.95,23.5,92.2,19.4,192,5,5,0
GK,17,164,51.7,21.8,91.3,19.9,156,7.5,5,1
GL,21,165,69.25,35.5,91.3,25.4,24,15,15,1
GM,35,153,59.5,36.6,87.5,25.4,240,10,0,0
GN,28,156,49.6,27.5,90.5,20.3,240,15,5,0
GO,26,155,51.3,28.9,81.4,21.3,108,10,5,1
GP,34,150,37.05,20,91.4,16.4,156,7.5,3,0
GQ,28,152,47.95,28.1,85.4,20.7,13,12.5,3,0
GR,29,155,51.5,29.8,84.6,21.2,42,5,3,0

